initial_pose_x: 0.449551
initial_pose_y: 1.829460
initial_pose_a: -2.641770

